1
2
4
6
17
18
23
24
40
42
46
49
50
51
55
69
72
79
92
93
110
114
124
137
145
146
163
173
175
179
180
184
201
213
219
224
235
251
252
259
268
269
283
285
296
297
300
319
328
344
349
354
388
398
400
403
416
441
449
451
453
466
472
473
481
541
545
578
579
591
594
644
695
737
738
750
751
773
782
786
791
797
808
823
825
852
870
909
911
920
925
932
943
953
959
972
980
992
995
1091
1094
1097
1098
1103
1116
1119
1123
1128
1141
1169
1171
1176
1183
1185
1191
1208
1218
1219
1231
1232
1258
1260
1262
1265
1293
1309
1318
1324
1326
1340
1352
1366
1391
1396
1423
1455
1487
1515
1526
1537
1565
1582
1608
1646
1664
1702
1724
1727
1744
1754
1771
1782
1793
1818
1833
1882
1919
1935
1937
1957
1998
2064
2069
2078
2100
2126
2142
2146
2157
2160
2202
2222
2264
2315
2361
2384
2401
2407
2420
2423
2460
