3
8
10
35
37
39
57
58
71
83
87
88
95
102
107
112
118
125
131
134
144
154
155
164
190
192
199
204
208
211
217
236
239
242
260
274
299
304
342
345
356
362
367
372
376
380
387
391
393
394
404
406
423
426
427
428
434
440
443
448
459
460
461
463
469
484
487
488
497
499
501
504
511
517
520
523
526
527
535
536
542
544
547
548
550
551
553
560
563
576
581
582
587
588
595
598
604
614
617
618
621
627
643
660
663
673
689
696
711
713
714
719
726
734
740
742
744
745
747
755
759
763
766
771
790
800
806
814
815
816
824
829
847
850
856
857
885
886
894
895
896
898
902
903
907
914
929
946
950
952
958
963
966
974
976
982
988
1014
1015
1023
1040
1042
1045
1051
1059
1061
1072
1074
1077
1085
1089
1096
1105
1121
1122
1129
1130
1145
1147
1151
1159
1161
1162
1163
1164
1167
1168
1172
1177
1195
1203
1209
1212
1215
1228
1236
1241
1248
1253
1259
1266
1277
1282
1284
1286
1287
1289
1292
1298
1307
1319
1344
1347
1376
1378
1387
1400
1410
1412
1419
1421
1422
1428
1468
1475
1476
1482
1483
1491
1492
1496
1507
1511
1528
1530
1538
1539
1540
1559
1619
1673
1679
1683
1684
1688
1689
1692
1695
1697
1700
1708
1716
1721
1722
1725
1729
1740
1741
1748
1749
1750
1751
1753
1756
1757
1766
1770
1773
1778
1780
1783
1799
1800
1801
1803
1806
1807
1813
1814
1819
1823
1824
1826
1828
1829
1834
1838
1841
1842
1844
1847
1848
1853
1858
1861
1864
1868
1871
1872
1874
1876
1877
1879
1881
1885
1887
1889
1890
1892
1893
1895
1903
1909
2575
2576
2584
2585
2592
2604
2611
2613
2620
2627
2642
2649
2660
2666
2667
2677
2684
2686
2689
2703
2707
2715
2717
2719
2724
2739
2748
2758
2777
2779
2785
2787
2790
2794
2797
2805
2817
2822
2827
2859
2870
2873
2875
2877
2882
2889
2895
2902
2903
2904
2913
2914
2918
2926
2945
2951
2952
2956
2958
2971
2972
2975
2979
2986
2998
2999
3000
3001
3014
3021
3032
3033
3034
3043
3070
3071
3077
3082
3093
3108
3114
3128
3129
3130
3141
3164
3172
3179
3189
3196
3214
3215
3216
3223
3225
3236
3250
3256
3263
3264
3770
3776
3783
3790
3796
3798
3801
3803
3810
3814
3816
3828
3840
3842
3843
3851
3857
3864
3868
3871
3879
3891
3910
3912
3913
3916
3917
3922
3928
3929
3932
3939
3954
3968
3971
3974
3980
3981
3988
3998
3999
4004
4024
4029
4030
4039
4061
4070
4071
4079
4084
4085
4087
4096
4099
4101
4102
4104
4122
4129
4142
4146
4159
4162
4163
4179
4192
4208
4258
4261
4263
4269
4289
4294
4299
4318
4322
4331
4345
4357
4382
4383
4388
4393
4394
4401
4402
4407
4412
4414
4417
4419
4423
4427
4433
