1669
1671
1672
1677
1680
1685
1686
1690
1693
1698
1699
1701
1703
1704
1705
1706
1707
1710
1712
1714
1715
1718
1719
1728
1734
1737
1742
1745
1747
1759
1760
1763
1768
1769
1772
1774
1775
1777
1784
1785
1786
1788
1789
1792
1795
1804
1805
1811
1812
1815
1816
1822
1825
1837
1839
1843
1851
1856
1857
1859
1860
1862
1866
1869
1883
1884
1888
1891
1894
1899
1900
1901
1902
1905
1911
1913
1920
1922
1926
1931
1932
1938
1939
1941
1942
1944
1945
1947
1948
1954
1958
1962
1964
1965
1968
1969
1973
1977
1978
1979
1980
1983
1986
1987
1989
1990
1992
1994
1996
1997
1999
2002
2004
2007
2008
2009
2010
2011
2013
2014
2015
2016
2018
2020
2022
2023
2024
2025
2027
2028
2029
2030
2031
2032
2033
2034
2036
2037
2038
2039
2040
2041
2043
2044
2045
2046
2047
2048
2049
2050
2051
2052
2053
2055
2056
2057
2058
2059
2062
2063
2065
2066
2068
2070
2071
2073
2074
2075
2076
2077
2080
2082
2083
2085
2086
2087
2088
2089
2091
2092
2093
2095
2096
2099
2101
2102
2104
2106
2108
2109
2110
2111
2112
2113
2114
2115
2116
2117
2122
2123
2124
2125
2127
2128
2129
2131
2132
2135
2137
2138
2139
2143
2144
2145
2147
2148
2149
2150
2151
2153
2154
2156
2165
2166
2169
2170
2171
2172
2173
2174
2175
2176
2178
2179
2180
2181
2183
2184
2185
2186
2187
2188
2189
2190
2194
2195
2196
2197
2198
2199
2200
2201
2203
2204
2205
2206
2207
2208
2209
2210
2211
2212
2213
2215
2216
2217
2218
2219
2220
2225
2226
2228
2229
2230
2231
2232
2233
2234
2236
2237
2238
2240
2241
2242
2243
2244
2245
2247
2248
2249
2250
2253
2254
2255
2256
2258
2259
2260
2261
2262
2266
2268
2271
2272
2273
2275
2276
2277
2278
2280
2281
2282
2283
2284
2285
2286
2289
2290
2292
2294
2296
2297
2298
2299
2301
2302
2307
2309
2310
2311
2312
2316
2317
2318
2321
2323
2325
2330
2332
2334
2336
2338
2339
2340
2344
2347
2350
2352
2353
2355
2356
2357
2359
2360
2362
2365
2366
2367
2368
2369
2370
2372
2376
2378
2380
2387
2390
2393
2394
2396
2398
2402
2403
2408
2412
2414
2426
2427
2429
2432
2434
2439
2441
2447
2448
2449
2453
2454
2455
2461
2462
2463
2465
2466
2467
2470
2472
2474
2475
2476
2477
2478
2480
2481
2482
2484
2486
2488
2489
2490
2491
2492
2496
2502
2503
2504
2507
2508
2510
2511
2513
2514
2515
2517
2519
2525
2527
2535
2536
2538
2539
2542
2546
2548
2550
2551
2553
2554
2555
2559
2973
2977
2981
2983
2984
2985
2987
2988
2990
2991
2992
2993
2994
2995
2996
3004
3005
3009
3010
3013
3016
3017
3018
3020
3026
3027
3028
3029
3030
3031
3035
3041
3044
3046
3048
3049
3052
3053
3054
3055
3057
3058
3059
3062
3063
3064
3065
3069
3072
3073
3074
3076
3079
3083
3085
3087
3090
3091
3094
3095
3097
3098
3099
3100
3102
3104
3105
3107
3769
3771
3772
3774
3777
3778
3779
3780
3781
3782
3784
3785
3786
3791
3793
3797
3799
3806
3808
3815
3818
3821
3822
3823
3824
3825
3827
3829
3830
3831
3834
3835
3836
3837
3838
3841
3844
3845
3846
3847
3849
3850
3852
3853
3855
3856
3866
3867
3869
3870
3873
3874
3875
3876
3878
3880
3882
3884
3885
3886
3887
3888
3889
3894
3895
3897
3899
3901
3908
3918
3919
3920
3921
3923
3924
3926
3927
3930
3931
3937
3940
3941
3942
3944
3949
3952
3953
3955
3956
3959
3961
3962
3963
3964
3965
3966
3967
3969
3972
3973
3976
3977
3978
3979
3982
3983
3984
3986
3987
3990
3991
3992
3993
3994
3995
3996
3997
4000
4001
4002
4003
4005
4006
4007
4009
4010
4011
4012
4014
4015
4016
4018
4020
4022
4023
4025
4027
4028
4032
4033
4035
4036
4040
4041
4044
4045
4046
4047
4050
4052
4054
4055
4057
4058
4059
4060
4062
4067
4069
4074
4080
4083
4086
4090
4091
4092
4093
4095
4100
4103
4105
4107
4112
4113
4114
4115
4117
4118
4119
4121
4123
4125
4126
