3
5
8
10
13
14
17
19
23
26
27
31
35
37
39
51
57
58
63
65
67
69
71
81
83
85
87
88
95
102
107
112
113
114
116
118
120
125
128
131
134
137
139
141
144
152
154
155
156
159
160
164
168
169
171
172
188
190
192
194
197
198
199
200
203
204
205
208
210
211
212
217
221
236
238
239
242
243
245
251
254
260
265
270
274
277
286
289
292
293
297
299
301
303
304
305
308
321
327
334
335
340
342
345
346
351
356
357
358
362
363
365
367
369
372
376
377
380
385
387
389
391
393
394
395
396
397
398
399
400
404
405
406
423
426
427
428
434
440
443
448
452
455
459
460
461
462
463
469
472
473
476
479
483
484
487
488
497
499
501
504
507
509
511
517
520
523
524
526
527
535
536
540
542
544
545
547
548
550
551
553
554
560
562
563
568
575
576
581
582
583
587
588
595
598
604
606
611
614
617
618
619
621
625
627
630
631
633
636
643
646
648
650
651
658
660
663
664
666
667
669
670
671
673
674
686
689
690
696
697
703
705
710
711
713
714
717
718
719
720
722
726
728
734
735
739
740
742
744
745
747
755
756
758
759
763
766
771
776
778
790
799
800
805
806
807
810
811
813
814
815
816
819
820
824
827
829
830
838
845
847
849
850
851
852
856
857
861
864
865
866
878
884
885
886
894
895
896
898
899
901
902
903
907
909
914
915
920
922
923
929
931
940
944
946
950
952
956
958
963
966
971
973
974
975
976
978
979
982
983
987
988
989
1000
1003
1012
1014
1015
1020
1021
1023
1024
1026
1027
1028
1031
1032
1035
1037
1039
1040
1042
1045
1051
1059
1061
1068
1071
1072
1074
1075
1077
1081
1085
1089
1092
1096
1100
1103
1104
1105
1111
1112
1113
1114
1120
1121
1122
1124
1125
1129
1130
1132
1138
1139
1142
1144
1145
1147
1148
1151
1152
1153
1154
1156
1159
1161
1162
1163
1164
1166
1167
1168
1172
1177
1179
1180
1182
1190
1195
1196
1198
1199
1203
1209
1210
1211
1212
1214
1215
1225
1228
1231
1235
1236
1239
1241
1248
1253
1256
1259
1265
1266
1269
1270
1271
1277
1282
1284
1285
1286
1287
1289
1292
1294
1298
1299
1307
1308
1312
1314
1316
1319
1322
1325
1327
1339
1344
1347
1351
1357
1361
1367
1373
1376
1377
1378
1382
1387
1391
1393
1400
1402
1403
1410
1412
1417
1419
1421
1422
1428
1431
1442
1445
1455
1458
1460
1467
1468
1469
1470
1471
1474
1475
1476
1482
1483
1484
1490
1491
1492
1494
1495
1496
1505
1507
1511
1518
1520
1523
1525
1528
1530
1538
1539
1540
1543
1559
1587
1597
1600
1619
1671
1673
1675
1677
1679
1680
1682
1683
1684
1685
1687
1688
1689
1691
1692
1693
1695
1697
1698
1699
1700
1706
1708
1711
1714
1716
1718
1720
1721
1722
1723
1725
1726
1728
1729
1734
1735
1740
1741
1742
1748
1749
1750
1751
1753
1755
1756
1757
1759
1760
1766
1770
1773
1778
1780
1781
1783
1785
1789
1790
1792
1793
1795
1799
1800
1801
1802
1803
1805
1806
1807
1813
1814
1815
1817
1819
1821
1823
1824
1826
1828
1829
1831
1834
1838
1841
1842
1843
1844
1846
1847
1848
1850
1851
1853
1855
1856
1857
1858
1859
1861
1862
1864
1866
1867
1868
1871
1872
1874
1875
1876
1877
1879
1881
1884
1885
1887
1889
1890
1892
1893
1895
1896
1897
1903
1909
1910
1912
1913
1914
1915
1917
1918
1923
1924
1926
1927
1928
1929
1930
1931
1933
1934
1936
1938
1939
1940
1941
1944
1946
1947
1948
1949
1950
1951
1956
1958
1959
1961
1970
1972
1974
1975
1976
1977
1979
1981
1982
1983
1984
1986
1988
1989
1990
1991
1993
1995
1997
1999
2000
2003
2041
2046
2066
2164
2168
2223
2227
2287
2311
2320
2324
2330
2337
2340
2342
2343
2348
2349
2350
2351
2352
2355
2361
2362
2365
2371
2377
2378
2380
2381
2390
2391
2392
2398
2399
2404
2410
2417
2418
2425
2426
2429
2433
2434
2435
2436
2445
2448
2457
2461
2470
2473
2475
2476
2481
2488
2489
2497
2499
2505
2506
2507
2509
2513
2516
2518
2520
2523
2527
2529
2530
2532
2536
2540
2541
2543
2547
2548
2551
2558
2562
2575
2576
2581
2584
2585
2592
2593
2599
2604
2610
2611
2612
2613
2619
2620
2621
2627
2631
2638
2640
2641
2642
2647
2649
2651
2655
2657
2658
2660
2663
2666
2667
2677
2678
2684
2685
2686
2689
2692
2699
2700
2701
2703
2707
2709
2715
2717
2719
2721
2724
2732
2733
2737
2739
2741
2742
2745
2748
2749
2753
2756
2758
2760
2767
2770
2772
2773
2775
2777
2779
2785
2787
2790
2792
2794
2796
2797
2799
2805
2815
2816
2817
2822
2825
2827
2829
2830
2836
2838
2844
2851
2852
2857
2859
2861
2866
2870
2873
2875
2877
2878
2882
2885
2887
2889
2892
2895
2898
2902
2903
2904
2908
2913
2914
2915
2918
2920
2921
2925
2926
2929
2931
2932
2945
2950
2951
2952
2956
2958
2960
2961
2962
2964
2966
2971
2972
2975
2979
2985
2986
2993
2994
2998
2999
3000
3001
3006
3011
3013
3014
3015
3021
3025
3029
3030
3032
3033
3034
3035
3036
3042
3043
3045
3049
3055
3056
3058
3063
3068
3069
3070
3071
3072
3073
3077
3079
3081
3082
3085
3093
3098
3103
3108
3114
3117
3120
3125
3128
3129
3130
3131
3133
3136
3140
3141
3144
3146
3147
3156
3157
3164
3170
3171
3172
3175
3179
3181
3189
3190
3196
3203
3210
3214
3215
3216
3222
3223
3225
3235
3236
3239
3244
3249
3250
3255
3256
3257
3263
3264
3268
3269
3270
3273
3275
3278
3280
3288
3292
3295
3296
3299
3301
3304
3306
3309
3318
3323
3325
3327
3330
3332
3333
3336
3338
3340
3343
3349
3355
3357
3362
3367
3370
3374
3378
3382
3384
3391
3397
3399
3410
3415
3416
3418
3419
3426
3428
3429
3430
3433
3435
3441
3445
3446
3451
3457
3463
3466
3467
3468
3469
3474
3475
3477
3480
3481
3482
3484
3494
3499
3502
3506
3508
3511
3518
3527
3528
3531
3534
3535
3536
3537
3542
3544
3547
3550
3554
3555
3559
3564
3565
3566
3573
3574
3581
3582
3586
3587
3588
3590
3595
3602
3605
3606
3609
3613
3614
3615
3620
3624
3627
3629
3632
3633
3635
3637
3640
3641
3643
3648
3650
3651
3653
3656
3657
3663
3665
3666
3667
3671
3675
3677
3678
3679
3681
3691
3692
3693
3697
3707
3711
3712
3718
3723
3732
3734
3737
3739
3746
3748
3749
3754
3755
3757
3760
3763
3765
3768
3770
3776
3777
3779
3781
3783
3786
3789
3790
3796
3798
3801
3802
3803
3806
3807
3810
3812
3814
3815
3816
3818
3819
3823
3825
3828
3834
3835
3837
3840
3842
3843
3851
3852
3856
3857
3858
3863
3864
3868
3870
3871
3873
3875
3879
3886
3888
3889
3891
3892
3894
3896
3900
3910
3912
3913
3916
3917
3922
3923
3928
3929
3930
3932
3934
3939
3941
3945
3947
3954
3968
3971
3974
3975
3976
3979
3980
3981
3987
3988
3990
3995
3996
3998
3999
4004
4009
4010
4013
4021
4024
4028
4029
4030
4033
4036
4039
4041
4042
4046
4047
4048
4049
4053
4058
4060
4061
4062
4063
4070
4071
4073
4079
4081
4084
4085
4087
4093
4096
4098
4099
4101
4102
4104
4107
4115
4116
4119
4121
4122
4125
4127
4128
4129
4131
4133
4142
4143
4144
4146
4147
4151
4152
4156
4157
4159
4161
4162
4163
4171
4174
4176
4177
4179
4192
4208
4217
4218
4222
4231
4232
4233
4242
4246
4247
4248
4249
4255
4258
4259
4261
4263
4269
4270
4283
4284
4289
4291
4294
4297
4299
4301
4303
4306
4307
4312
4318
4322
4328
4331
4333
4335
4336
4338
4344
4345
4352
4357
4362
4376
4380
4382
4383
4388
4389
4393
4394
4399
4400
4401
4402
4403
4407
4408
4412
4414
4415
4417
4418
4419
4420
4422
4423
4425
4426
4427
4429
4433
4435
4438
4440
4441
4443
4444
4446
4447
4448
4449
4452
4456
4457
4458
4460
4462
4463
4468
4470
4472
4475
4477
4485
4491
4503
4505
4515
4516
4518
4520
4533
4540
4541
4548
4550
4553
4559
4560
4569
4570
4577
4579
4583
4584
4587
4589
4592
4594
4595
4596
4597
4601
4602
4603
4608
4609
4610
4612
4613
4614
4617
4618
4619
4620
4623
4624
4625
4626
4628
4629
4630
4631
4632
4633
4634
4635
4636
4637
4638
4639
4640
4645
4646
4648
4649
4650
4653
4655
4657
4658
4663
4664
4666
4670
4677
4679
4680
4685
4686
4688
4690
4692
4695
4696
4697
4700
4701
4703
4704
4705
4706
4709
4712
4714
4716
4717
4722
4726
4727
4730
4733
4734
4735
4736
4737
4740
4743
4746
4750
4751
4754
4755
4756
4757
4759
4761
4763
4766
4768
4769
4771
4775
4776
4778
4787
4791
4792
4793
4794
4797
4800
4802
4803
4805
4809
4811
4815
4816
4817
4818
4821
4822
4823
4824
4825
4830
4834
4836
4838
4840
4841
4843
4845
4846
4847
4849
4850
4852
4855
4858
4861
4863
4868
4869
4877
4881
4886
4889
4890
4891
4892
4893
4898
4899
4900
4901
4903
4906
4907
4908
4916
4918
4920
4924
4925
4929
4934
4938
4939
4940
4942
4945
4947
4951
4952
4953
4955
4957
4959
4961
4962
4964
4966
4967
4972
4973
4974
4976
4977
4978
4979
4983
4984
4986
4990
4991
4993
4994
4995
4996
5002
5004
5005
5006
5008
5009
5011
5014
5015
5017
5022
5023
5024
5026
5033
5037
5041
5044
5045
5046
5047
5048
5049
5050
5051
5052
5053
5056
5057
5059
5061
5063
5065
5066
5067
5069
5070
5071
5073
5074
5075
5078
5080
5081
5086
5088
5090
5094
5095
5098
5099
5103
5104
5105
5108
5111
5113
5116
5118
5119
5121
5122
5124
5126
5136
5140
5141
5142
5143
5144
5146
5147
5148
5151
5152
5157
5158
5161
5165
5166
5168
5170
5171
5173
5174
5177
5179
5181
5185
5188
5189
5190
5191
5196
5197
5198
5202
5203
5204
5205
5208
5209
5211
5213
5218
5222
5224
5226
5227
5229
5233
5234
5235
5236
5237
5238
5241
5247
5248
5249
5251
5253
5254
5257
5259
5261
5262
5263
5265
5266
5268
5269
5272
5273
5278
5279
5280
5282
5284
5285
5287
5288
5289
5290
5291
5292
5293
5295
5296
5298
5299
5305
5306
5308
5309
5310
5312
5313
5314
5316
5317
5318
5323
5326
5328
5330
5333
5336
5337
5340
5342
5343
5344
5345
5347
5348
5349
5350
5352
5354
5355
5357
5358
5359
5361
5363
5364
5365
5366
5368
5370
5371
